section_id,s_node,e_node,length
0,25034,26248,21.63659231651937
1,1,6531,124.35297862385372
2,432,28579,16.334128486424053
3,28579,34,55.52552911606645
4,18,31245,26.79545834414025
5,17,25329,98.83689618020296
6,16,4049,174.23031491896205
7,13,26214,20.03971701104396
8,29,16,49.00392617314609
9,25329,3,116.83816782781145
10,30,24,48.22747814661314
11,1,6630,8.53958477087769
12,25882,21534,201.61785953607847
13,21534,2252,13.700705675112756
14,20,38,61.15875919813098
15,38,20,61.15875919813097
16,18540,33,20.159810627486124
17,33,18540,20.159810627486124
18,21180,26136,36.3999583398342
19,26136,21180,36.3999583398342
20,1678,27126,44.99339891027526
21,50,5478,26.48394794122992
22,14660,21108,351.7912924595594
23,4136,65,231.2415007836147
24,65,4136,231.2415007836147
25,68,25160,34.35151289405335
26,25160,68,34.35151289405334
27,97,3579,54.85642732176539
28,32945,98,23.755677497050797
29,337,24689,61.14995800286715
30,5548,120,43.714344085760615
31,124,125,52.78149931845935
32,121,122,133.6642674011839
33,122,121,133.6642674011839
34,128,19135,72.56007356318129
35,19135,130,25.86061402647526
36,1158,0,118.79429402509186
37,20371,30886,20.74132714908839
38,30886,24030,17.996738338401823
39,54,151,92.49125384032266
40,84,34039,237.15570846229667
41,8,33336,14.675703846166048
42,157,158,67.83656210131724
43,158,159,12.228267533792554
44,159,26135,32.99925738488776
45,26135,160,30.71928847263033
46,160,161,105.55129011832082
47,162,27013,31.89957980993437
48,27013,162,31.89957980993437
49,2263,2285,92.13794237234748
50,2285,2290,84.09550071579663
51,2290,2259,50.99409101321917
52,19208,19212,59.32253209501991
53,19212,19210,67.51447339798828
54,175,176,52.2443990784118
55,176,175,52.2443990784118
56,14551,176,38.98167292556625
57,143,178,23.21682242553473
58,177,14560,36.595953581043766
59,2243,26548,8.995383200296876
60,26548,2243,8.995383200296876
61,193,188,97.05964368890082
62,188,193,97.05964368890082
63,3760,21154,25.499333286443104
64,197,6650,66.81575791056952
65,199,6193,61.42536537124257
66,21136,32540,80.14316743670835
67,32540,3253,42.331562430068686
68,3253,4182,71.12148961412576
69,2229,203,119.64118935804008
70,203,2229,119.64118935804008
71,203,204,77.62912060091834
72,10387,206,114.99164670760106
73,206,10387,114.99164670760106
74,265,31208,65.44010718568244
75,257,23225,230.3637742650568
76,213,214,358.66555466870795
77,238,20587,95.37801925567668
78,20587,238,95.3780192556767
79,20587,239,90.71642461511536
80,239,20587,90.71642461511536
81,8376,8375,41.12672655493177
82,8375,8376,41.12672655493177
83,235,16772,258.1185569383242
84,23247,19145,30.63792591380448
85,221,21567,53.128082326719785
86,21567,221,53.128082326719785
87,7357,16130,86.61324635604154
88,16130,7357,86.61324635604154
89,260,9866,14.957028674577511
90,9866,260,14.957028674577511
91,220,13471,108.87304771055436
92,13471,13483,194.4308953730684
93,13483,221,266.4574416324449
94,211,1135,227.255658687435
95,1135,20118,101.91299393451712
96,13915,3621,85.48799064389783
97,3621,210,56.2344072068592
98,230,10021,55.39415332750726
99,10021,230,55.39415332750726
100,10021,10024,78.16198250640343
101,10024,10021,78.16198250640343
102,10024,231,56.43540495888351
103,231,10024,56.43540495888351
104,210,1134,131.67331418275933
105,1134,20116,70.19183610120285
106,484,233,76.77808590555301
107,233,6954,72.7561484515277
108,6954,234,77.51059708583814
109,6140,212,68.8302175907698
110,264,20430,23.589696120568014
111,20430,6140,24.559835813440205
112,212,498,77.20614084652536
113,498,2575,123.50787172511572
114,2575,496,116.59729735845976
115,263,2580,117.19881000119894
116,2580,22549,53.00615253582616
117,22549,497,64.70547364527567
118,497,264,94.09725644111612
119,14994,23761,16.490739775128926
120,25,26,69.44382631763959
121,267,23219,40.99499989004807
122,23219,20609,64.70748960665452
123,20609,10694,65.91282290279717
124,10694,268,67.97248543456449
125,272,274,65.69038627033231
126,275,26105,7.236541717475996
127,276,281,44.421068719997976
128,281,23594,52.71802222283471
129,23594,281,52.71802222283471
130,283,17741,41.12254873739819
131,17741,17740,56.43290732093749
132,17740,23600,65.09472728337705
133,23600,284,52.16592085494681
134,269,24027,115.56727012795756
135,24027,269,115.56727012795756
136,2195,2197,29.48454455636722
137,196,26025,16.00324295817954
138,26025,196,16.00324295817954
139,667,293,105.4230106889666
140,293,667,105.4230106889666
141,669,1940,74.27242967535287
142,1940,289,76.96771767901424
143,291,553,106.92784098478856
144,553,675,82.00823148959903
145,675,292,86.25290888325318
146,296,302,70.63714534783975
147,302,309,70.6894112580264
148,309,7246,62.53010778062541
149,7246,16569,30.44535833700581
150,16570,7245,54.034774592082506
151,7245,298,60.56591726178217
152,298,299,68.80859070793589
153,301,298,81.38795072124611
154,298,309,95.35904689314742
155,309,303,110.64956654352724
156,292,571,95.68536335468102
157,16567,16566,65.03382700884377
158,16566,16568,75.72857952512625
159,16568,16569,126.6457885203744
160,16569,29853,73.67196962500363
161,29853,16570,45.27590452705292
162,16570,23801,25.190067922572133
163,271,139,37.57494916477982
164,311,1650,14.729384888184477
165,1673,3763,59.16040878389036
166,3763,3761,22.711949567986707
167,3761,326,69.9136427718339
168,326,465,66.64587182864466
169,149,1680,120.13095660164798
170,330,14568,130.02126637775987
171,4125,4124,23.487353645260733
172,4124,4125,23.487353645260733
173,338,337,36.93822150950592
174,2318,26489,254.04953377652583
175,377,341,58.1852434094184
176,341,342,59.54148104344524
177,342,359,51.698682898483966
178,359,339,56.14249886811745
179,343,342,119.97450602847752
180,342,344,117.8141413812862
181,346,341,78.65489360811637
182,341,345,118.55028320729234
183,349,1649,58.71828756987642
184,359,360,117.39754993109348
185,363,364,90.13512805656389
186,365,363,79.82290075480478
187,363,365,79.82290075480478
188,348,1715,21.0340823549472
189,2868,355,285.59244906310505
190,386,387,81.26884498770966
191,2194,2195,435.0496631083318
192,348,349,109.64948797189707
193,406,404,74.20470266322327
194,414,12274,20.718036168977857
195,12274,414,20.718036168977857
196,414,413,299.44390980574786
197,413,31323,40.45496563576496
198,31323,16586,590.364198039234
199,415,19670,1504.7338160385043
200,420,419,61.85667842763687
201,422,19797,146.740173156731
202,427,21811,32.635031225825415
203,21811,426,116.809829211191
204,429,430,196.20126995117093
205,430,2908,70.80829421693828
206,2908,448,37.67545580427025
207,448,4,126.53614080327358
208,25328,25327,401.0084230603719
209,25327,25328,401.0084230603718
210,129,1126,322.83538431742875
211,20273,436,129.93979069182498
212,436,20273,129.93979069182498
213,436,27149,303.64819319799284
214,27149,436,303.6481931979928
215,16073,16072,51.381066502729816
216,439,428,14.949139211379608
217,428,439,14.949139211379608
218,430,2906,76.29239187446451
219,2906,445,17.779682781307613
220,453,456,91.34195311931394
221,456,4200,79.31394582924366
222,4200,6324,97.15068733361726
223,6324,452,92.62831889527548
224,455,454,86.96019117260265
225,454,456,63.71312116205522
226,456,6322,65.1615368476374
227,6322,1138,73.47555467939071
228,6326,24997,83.59665736600583
229,24997,457,85.50272292851378
230,6396,6437,30.60409768225304
231,6437,6396,30.60409768225304
232,464,25180,16.535123551465652
233,465,473,106.37159733118467
234,467,3625,117.232169603844
235,3625,3626,169.30160444436595
236,151,471,39.637556597055166
237,471,473,84.45088739735839
238,476,20493,27.115152625583438
239,237,8399,96.1806978726445
240,8399,479,67.05746132461249
241,479,33819,82.61906287503051
242,33819,8404,81.24223592140721
243,479,482,105.7722589295333
244,482,480,95.97500866956987
245,8436,481,127.35727933500988
246,480,483,108.1088071205926
247,483,486,95.70838480795634
248,230,7383,367.33017181856815
249,3939,27880,62.04695608551722
250,27880,3939,62.04695608551722
251,27880,3943,70.7099496268896
252,3943,27880,70.7099496268896
253,2323,6137,116.22184931907458
254,6137,2323,116.22184931907456
255,4079,3945,141.3895655661845
256,499,2578,123.79322548216432
257,2578,27875,18.93002263086325
258,27875,4079,71.73786325711488
259,4079,500,90.50241762734942
260,500,501,33.94361981288779
261,501,20418,83.64594219119235
262,20418,6144,10.384289260798592
263,6144,6393,51.34192331251032
264,6393,502,19.509875511390465
265,502,32333,215.80998888400728
266,32333,32289,4.629086755176307
267,210,32335,110.64732029631512
268,507,20135,25.77363274477576
269,20135,507,25.77363274477576
270,20135,20136,44.676322642932384
271,20136,20135,44.676322642932384
272,20136,20126,45.496454762792986
273,20126,20136,45.496454762792986
274,20126,508,34.847818536872495
275,508,20126,34.8478185368725
276,508,509,17.715992153946726
277,509,508,17.715992153946726
278,509,507,66.06278563468271
279,507,509,66.06278563468271
280,20135,20421,11.189846397860295
281,20421,510,34.715894894458145
282,513,25047,8.979612510554437
283,25047,513,8.979612510554437
284,509,5999,99.8404968505644
285,8395,8393,27.169739227624397
286,8393,8395,27.169739227624397
287,4648,10325,94.37973292599985
288,10325,4648,94.37973292599982
289,931,932,36.74567134905065
290,535,1021,128.50492502470777
291,1021,535,128.50492502470777
292,1021,580,119.69427003007536
293,580,1021,119.69427003007536
294,580,575,97.17661389017287
295,575,580,97.17661389017287
296,537,589,75.89507066707505
297,538,654,113.47830979912962
298,654,538,113.47830979912962
299,539,540,84.89821776819693
300,540,541,94.83973474654222
301,546,545,155.68370913975008
302,549,1057,73.85695388186218
303,548,25488,66.47592747400577
304,25488,550,85.37325432038926
305,908,551,99.58688936140828
306,6758,9601,229.22569896720796
307,565,20632,17.397283000589734
308,566,30769,25.36690665183265
309,572,25567,23.464851874813423
310,579,578,93.44232805167634
311,288,292,104.63498157356352
312,297,588,147.75911386206965
313,588,583,99.10442779499652
314,583,582,93.80742171069974
315,586,25568,93.34100498393032
316,25568,585,100.14978393219864
317,589,590,75.19461515624548
318,6172,592,8.116479285808202
319,592,6172,8.116479285808202
320,21461,21462,66.78450275004043
321,594,595,85.42901394840553
322,595,633,95.36599467424806
323,633,596,80.62048532855432
324,596,593,69.73397375125398
325,19207,19209,18.050735907596227
326,599,600,48.21720621099222
327,859,16992,28.023763952461472
328,604,631,88.26171853812683
329,631,607,72.85845344063584
330,606,607,99.85076118509564
331,613,614,93.28765068348574
332,614,613,93.28765068348577
333,615,616,88.69618007680697
334,623,617,53.500101270542245
335,307,629,113.54870924644094
336,629,621,90.58383823644064
337,621,643,98.93574212030283
338,865,620,10.401167301936932
339,598,626,95.97368589083732
340,626,624,75.66031644550033
341,624,623,64.49477611313537
342,34350,626,86.59787296474624
343,626,625,55.55351656519696
344,628,629,93.51478712075156
345,632,615,83.6852969206612
346,633,634,176.09894441468248
347,634,635,114.41246598693292
348,635,638,69.2827297760883
349,640,641,87.42703248070713
350,641,642,96.4974795926735
351,644,645,70.75784658144566
352,645,21186,73.80596793886708
353,21186,595,103.86270158417842
354,595,21190,110.6347586467266
355,10086,594,13.854900915550385
356,538,10976,81.2692095850309
357,10976,651,92.07059332088824
358,658,657,93.26770687155448
359,657,656,79.76805443642695
360,656,655,91.05723459714086
361,665,664,93.8641549797727
362,664,663,79.38822086098506
363,663,20631,73.29711355942138
364,666,4924,8.016633848965709
365,672,27791,101.93213216244654
366,582,677,75.22949178720012
367,677,673,73.99501938679181
368,673,672,102.98917579893038
369,678,677,84.73538830478272
370,677,676,75.46236807760161
371,676,675,69.20587770688313
372,675,27150,88.48144655988803
373,3336,3507,161.94124656168472
374,3346,685,14.119923882892516
375,685,3360,10.3631604667386
376,688,34198,229.2203974075708
377,34198,3339,43.532351160246606
378,3691,690,151.8125317916672
379,693,6106,179.91226905765387
380,6106,692,195.54845483657056
381,682,6087,247.0963693787521
382,6087,686,12.058576604400267
383,698,697,166.83913128303905
384,697,10952,369.01984700777024
385,17260,701,16.595608071776226
386,706,33132,305.37413693621585
387,33132,706,305.3741369362158
388,24529,25044,85.51560291806635
389,19394,19403,12.197260231986924
390,718,719,287.992939401708
391,719,718,287.992939401708
392,720,721,50.2618113400069
393,721,720,50.2618113400069
394,722,723,101.24712539436854
395,723,722,101.24712539436854
396,723,724,35.05405793357423
397,724,723,35.05405793357423
398,723,725,242.27667181679828
399,725,723,242.27667181679828
400,725,14268,317.3538098579591
401,14268,725,317.3538098579591
402,725,33355,119.7906456636246
403,33355,725,119.7906456636246
404,1186,731,130.48682569931685
405,325,757,283.33774474235804
406,3458,3461,82.00406290365572
407,592,768,28.610398998660216
408,768,592,28.610398998660216
409,20356,28184,5.223333761146393
410,5,1,120.75786516226152
411,295,34320,8.126015637671669
412,34320,295,8.126015637671669
413,34320,23791,6.856370286674911
414,23791,34320,6.856370286674911
415,23791,5503,7.768443714059974
416,5503,23791,7.768443714059974
417,734,39,29.36894647807072
418,39,734,29.36894647807072
419,39,2233,214.57483043560512
420,7,34304,7.59196264784735
421,34304,6632,8.58004920789015
422,787,788,102.63502746730252
423,788,787,102.63502746730252
424,790,29011,148.53034134094415
425,29011,789,425.37980442930046
426,789,11459,77.8334566681766
427,11459,9526,43.66982202785484
428,6013,32197,26.38637415522366
429,797,17538,9.848189962901769
430,17538,797,9.848189962901769
431,808,810,55.26889740376016
432,811,812,20.222097945056102
433,1460,749,17.538705648722427
434,18064,18059,125.10240379628536
435,822,819,34.138701960667404
436,828,827,36.54360669748651
437,830,829,36.61198012636548
438,832,831,37.56764325385707
439,834,833,36.08428332190326
440,835,803,33.94979029170061
441,805,836,34.85838434738462
442,838,837,33.92745571198175
443,839,840,34.99358945933212
444,842,841,39.96480150066913
445,844,843,39.398507438396535
446,813,845,32.887551409390326
447,846,847,38.1895206198546
448,848,20176,28.644948156335957
449,34098,32829,53.7772847121538
450,32829,34098,53.7772847121538
451,32829,858,801.8593791724996
452,858,32829,801.8593791724999
453,16991,599,28.38367046020007
454,863,307,79.57870630234856
455,866,867,134.31623601425514
456,21370,26097,27.659531918464427
457,871,23676,184.501041360305
458,23676,871,184.501041360305
459,14625,872,71.22391298616913
460,880,875,53.09363451051395
461,875,880,53.09363451051395
462,885,886,69.66038380129687
463,23972,887,63.202366479676456
464,888,14625,197.84928801186268
465,888,918,53.02996346127064
466,918,23420,105.21705029469324
467,892,975,39.79616699380855
468,898,993,27.97723478063729
469,993,898,27.97723478063728
470,894,900,39.86461411848305
471,900,901,127.89198588769264
472,901,997,99.70353789560144
473,997,902,86.48689981771808
474,902,34409,120.30934418822412
475,903,982,124.32295292173386
476,982,904,85.7187392991264
477,904,1015,100.05752251680435
478,1015,985,18.146347861467422
479,905,970,129.3085105845263
480,970,906,124.4110769812142
481,906,939,34.11623823297112
482,939,942,14.55099152097502
483,942,956,11.593310383639288
484,956,20799,53.48186678466526
485,20799,907,15.600497428915936
486,914,915,38.35577122481182
487,915,914,38.35577122481182
488,915,888,49.06870247040605
489,888,915,49.06870247040605
490,915,916,34.06378903915119
491,916,915,34.06378903915119
492,882,920,105.86125809007608
493,920,1109,70.33971994629553
494,864,1060,118.5991073953703
495,1060,921,69.36130611803632
496,921,306,97.7582658984364
497,921,920,18.541555656795072
498,14628,21552,112.06223541381522
499,23418,551,84.84356939657354
500,551,926,150.57469737599212
501,927,23421,181.7464829573075
502,929,23423,13.114830677681478
503,930,954,124.94960625264731
504,954,941,110.38372029903395
505,23315,979,49.42262790604655
506,979,23315,49.42262790604656
507,939,31755,19.806938824093848
508,31755,940,149.96243935045908
509,938,945,156.97423089778422
510,945,944,111.79526328541932
511,947,948,11.71711337237769
512,949,950,30.670860952231543
513,950,951,120.25862755412724
514,951,23416,12.013419995865553
515,953,21132,9.326985411059196
516,21132,953,9.326985411059196
517,23318,23317,13.22674798792386
518,23317,23318,13.22674798792386
519,956,957,43.2836451979904
520,957,29025,63.92335590703173
521,29025,21460,73.858254871125
522,21466,24982,76.49398170335942
523,24982,964,75.56800185665897
524,964,28577,97.5460497924467
525,960,961,24.599570041877385
526,961,27822,94.17381447366384
527,964,965,20.32405495403326
528,10090,23309,8.780460994424033
529,23309,10090,8.780460994424033
530,961,969,24.584243686924715
531,968,960,17.989780314809835
532,923,21090,20.30889469251329
533,21090,923,20.30889469251329
534,972,973,55.82583056321866
535,971,1024,37.88244408519596
536,1024,971,37.88244408519596
537,975,976,56.78107566786284
538,979,20442,51.04125932628395
539,20442,979,51.04125932628395
540,20442,1007,48.06277897793413
541,1007,20442,48.06277897793413
542,980,983,119.74718602402557
543,983,995,101.6051473789244
544,995,1009,146.63669318197535
545,1009,26994,13.215897254199437
546,26994,1002,26.504784963615823
547,1002,26995,19.551880451270435
548,26995,974,118.89058169995026
549,981,1003,116.73508611801569
550,1003,1004,18.06271319167136
551,1004,1006,32.716106627519494
552,1006,1008,13.87909508888216
553,1008,994,142.31558414475066
554,994,984,101.5540153322147
555,984,21130,126.67764152458084
556,982,902,39.49550982213159
557,902,982,39.49550982213159
558,978,22027,37.35787148622187
559,985,19223,157.83954216284894
560,19223,985,157.83954216284894
561,19223,986,21.434173266298867
562,986,19223,21.434173266298867
563,557,23779,2.711541632483839
564,23779,5497,61.51434896208526
565,898,1048,88.97356935890306
566,1048,898,88.97356935890306
567,1048,1046,68.26166465951648
568,1046,1048,68.26166465951648
569,989,990,57.63328336298233
570,993,1050,139.53122275915138
571,1050,27000,99.70449442201736
572,27000,999,11.078099098919653
573,999,30801,86.37675718221304
574,30801,991,54.52316161684067
575,992,30802,49.00441084003796
576,30802,1000,91.00380006071305
577,1000,21131,104.86301173627214
578,21131,899,141.17216822703506
579,996,997,82.28531026628488
580,999,1052,69.67628611872487
581,1052,23307,82.99520271767882
582,26994,1006,16.678597400316235
583,1006,26996,141.2760012179005
584,26996,1005,80.97340805727353
585,1007,20443,101.50517028793868
586,20443,1008,139.00067957708885
587,1008,1009,16.371816829555954
588,976,1010,3.363145445739589
589,1010,1012,128.3719314928425
590,1012,1023,39.298041001820415
591,1023,1002,47.22137922544397
592,1011,1010,35.19963800116103
593,1012,1013,34.5071776161509
594,1013,1012,34.5071776161509
595,1017,1018,92.45045599317696
596,1018,1000,143.78309765576026
597,1020,20636,16.83061655781575
598,20636,1021,72.87703004618315
599,1021,1022,77.80040432545134
600,1022,589,112.256839618229
601,1023,28298,157.71806146463032
602,1025,17918,138.62499966783292
603,17918,1025,138.62499966783292
604,1026,9745,122.89830072574026
605,9745,9743,16.101641955654706
606,9743,9744,11.929585206836247
607,9744,1027,115.92006830882706
608,9743,1031,38.84491508942141
609,1031,9743,38.84491508942141
610,1031,1033,31.963780023965647
611,1033,1031,31.963780023965647
612,1033,1030,37.37897765536407
613,1030,1033,37.37897765536407
614,1031,1032,123.25503082704589
615,1032,1031,123.25503082704589
616,1033,1034,122.71039196699888
617,1034,1033,122.71039196699888
618,27283,27282,7.963143145994167
619,27282,27281,33.44335741615499
620,27281,1036,126.64205612254324
621,1039,1040,16.21212993781438
622,1046,966,170.11731514754004
623,1049,1048,144.3233591850896
624,21131,1050,14.63820439577257
625,1050,21131,14.63820439577257
626,21131,982,140.46298543364605
627,982,21131,140.46298543364605
628,1051,23301,85.62817228285853
629,1047,1053,68.68455526131196
630,1053,23306,67.00778113673314
631,543,10082,13.868441376767912
632,576,20630,11.443426083529596
633,20630,576,11.443426083529596
634,565,20628,14.082268085094077
635,20628,565,14.082268085094077
636,10087,959,6.915696196665198
637,1058,547,75.21039889913106
638,544,1061,109.76683829123488
639,1061,1059,109.45021786104056
640,1060,1061,98.25871269902808
641,1061,1060,98.25871269902808
642,1065,1064,37.654583200949936
643,1066,1076,53.81077544774635
644,1076,1066,53.81077544774634
645,1076,1067,55.43571520077197
646,1067,1076,55.43571520077197
647,1067,10159,46.60948108894897
648,10159,1067,46.60948108894897
649,10159,10160,31.83640312263055
650,10160,10159,31.836403122630543
651,10160,1068,144.6148035415957
652,1068,10160,144.6148035415957
653,1068,10181,182.2509183167124
654,10181,1068,182.2509183167124
655,10181,27976,10.534506112432378
656,27976,10181,10.534506112432378
657,27976,10179,125.71156993169753
658,10179,27976,125.71156993169753
659,10179,1116,229.7055808290173
660,1116,10179,229.7055808290173
661,1116,21448,268.5002883524673
662,21448,1116,268.50028835246724
663,21448,1096,150.17258343165634
664,1096,21448,150.17258343165634
665,1070,1066,229.11378864063988
666,1066,1070,229.11378864063985
667,1070,1071,46.32594784134998
668,1072,1073,132.74856991725608
669,1073,1114,69.29500022609867
670,26098,1075,83.41685960397926
671,1075,26098,83.41685960397926
672,1077,28756,67.34386941300968
673,28756,1077,67.34386941300968
674,1079,20503,250.74057720783125
675,20503,1079,250.74057720783125
676,517,1080,60.20598405861111
677,1083,21577,14.549026092163642
678,31753,1085,273.9521074923308
679,1085,31753,273.9521074923308
680,1087,1088,205.3917575184772
681,1088,1090,87.69513615378696
682,1090,1089,38.72234904688173
683,1091,1089,98.631413271133
684,1089,1091,98.631413271133
685,1096,1097,260.15349136986083
686,1097,1096,260.15349136986083
687,1097,1093,142.9818595975512
688,1093,1097,142.9818595975512
689,21469,1100,172.5914488842894
690,1100,21469,172.59144888428938
691,1101,19222,24.56429645273577
692,1103,867,65.26463781009421
693,867,1103,65.26463781009421
694,1107,1106,91.09468203577306
695,1108,1102,112.10172191442643
696,1102,1108,112.10172191442646
697,1109,1108,140.94080483319698
698,1110,20624,17.06959511037533
699,20624,1110,17.06959511037533
700,1068,24229,222.9035142928779
701,24229,10182,140.48721519381516
702,10182,1111,191.5677644885902
703,1111,25433,216.64153361056785
704,25433,16127,196.2605823781388
705,16127,21448,188.40734477437272
706,1113,1114,16.844587733395983
707,1114,1113,16.844587733395983
708,612,1117,58.06793745001546
709,1117,612,58.06793745001546
710,1118,1122,80.45748965622528
711,1122,1118,80.45748965622528
712,32883,1124,127.2615617194794
713,1124,32883,127.2615617194794
714,1124,1123,46.99984805424007
715,1123,1124,46.99984805424007
716,1124,1125,30.638511302291164
717,1125,1124,30.638511302291164
718,1117,20264,91.23016146180822
719,20264,1117,91.23016146180822
720,1132,24456,98.42690307184704
721,24456,1132,98.42690307184704
722,1133,1134,108.1459716201287
723,1135,1133,58.76816610111484
724,1133,1132,65.20499887751279
725,1132,32288,64.42710890450383
726,2898,2899,31.85903173548972
727,2899,666,14.606114247513606
728,2913,1164,51.21683647377756
729,1164,2913,51.21683647377756
730,1163,1946,71.15976967255783
731,1946,1934,47.754655608692886
732,1161,667,101.35949386761736
733,1165,1164,76.35556293868957
734,5498,978,33.662900431106664
735,8473,1167,28.16193932700086
736,1167,8473,28.16193932700086
737,1171,1172,282.0012521567022
738,1182,27595,1110.800007806706
739,34424,1502,49.95188941434216
740,1502,726,606.6505502636699
741,726,1492,272.14677524256354
742,1476,352,290.4817851643388
743,1184,353,339.4856291662511
744,1187,1180,1112.2096627678368
745,1180,2082,67.30057931372922
746,27604,27601,68.43194403091195
747,17211,792,35.34298194679087
748,17211,27601,56.445114619064064
749,27601,17211,56.445114619064064
750,27601,795,57.44392315194386
751,795,27601,57.44392315194386
752,1176,32651,606.104159789845
753,18785,1209,676.6297527853329
754,9924,9935,19.20981477490276
755,9935,9924,19.20981477490276
756,9935,9928,56.164048140318336
757,9928,9935,56.164048140318336
758,1218,25127,49.54884325308917
759,25127,1218,49.54884325308917
760,25127,20543,75.4324151363776
761,20543,25127,75.4324151363776
762,8376,18025,129.48002309783232
763,1223,3936,146.03139116654782
764,3936,1223,146.03139116654782
765,1227,1226,73.88370198135134
766,1226,1227,73.88370198135134
767,1226,1228,39.342657742122654
768,1228,1226,39.342657742122654
769,1229,19843,65.07941397253396
770,19843,25950,200.81370895414875
771,1232,1223,47.15550123368139
772,1223,1232,47.15550123368139
773,2985,2965,210.0184880527404
774,2965,2985,210.0184880527404
775,1225,1226,164.3599239757542
776,1242,1237,828.8729975430294
777,21162,1213,296.26516931487697
778,1213,1214,829.7128332758613
779,1214,34220,245.15415967084024
780,1170,1169,262.39476350948786
781,7428,10426,147.8386192468383
782,10426,18150,14.771652910431408
783,18150,10430,20.670670311452007
784,10430,1252,49.21371013357545
785,1252,18009,95.778509533306
786,1255,1256,29.91366413967756
787,1256,1255,29.91366413967756
788,1251,28488,25.67136470159557
789,28488,1251,25.67136470159557
790,1266,21427,90.7064458796254
791,21427,1266,90.7064458796254
792,2966,2993,13.074364698528038
793,2993,2966,13.074364698528038
794,2302,2303,102.94904043071442
795,1286,1285,64.05437631714364
796,5813,1287,86.3747918720831
797,1288,2301,365.4464886827305
798,1291,1292,93.2623689120868
799,1292,1291,93.2623689120868
800,11107,1291,81.8298038924741
801,1291,10993,39.5604833219235
802,10993,10995,15.041130764384535
803,10995,1307,45.59132411872017
804,1307,1311,98.62934220979828
805,1311,11005,84.9539421458927
806,11005,10981,50.53017564227471
807,10981,1315,42.79964366913126
808,75,77,212.60745469912436
809,74,75,78.63984893651018
810,73,1296,323.34520337573525
811,1130,1131,477.5263615382913
812,216,1130,195.0212076592732
813,1128,1127,87.09148635780272
814,1129,23500,65.8062626952403
815,1127,1294,197.9837986917896
816,106,13644,1025.7291515258837
817,1174,1416,29.009149760452097
818,1416,26087,283.51102923545886
819,1297,20316,8.033540237689348
820,20316,1297,8.033540237689348
821,5097,28514,556.6200904856373
822,28514,5097,556.6200904856373
823,10461,1302,46.79956627833121
824,10462,1302,43.74053641255058
825,11716,22305,22.155148242298544
826,1307,21184,52.16102865743433
827,21184,1307,52.16102865743433
828,21184,1308,57.62877139766756
829,1308,21184,57.62877139766756
830,1308,1309,53.808979591933344
831,1309,1308,53.808979591933344
832,1313,1312,72.81757623590346
833,1312,21183,58.198810729719696
834,21183,1311,60.46768701691855
835,1311,1310,214.79578346823823
836,1315,1317,71.12806850660189
837,1317,1293,88.18590539300763
838,1317,22302,121.97838256944593
839,22302,1318,57.632700215289525
840,6410,1358,61.279568600776216
841,1322,1323,52.95253250154208
842,1323,1322,52.95253250154208
843,1323,1324,23.66694560003781
844,1324,1323,23.66694560003781
845,1324,9571,14.185480630608746
846,9571,1324,14.185480630608746
847,9571,23995,39.69278499383535
848,23995,9571,39.69278499383535
849,23995,1327,15.623458856423554
850,1327,23995,15.623458856423554
851,1322,1314,60.5660404053242
852,1314,1322,60.5660404053242
853,1314,1293,167.98513718198487
854,1293,1314,167.9851371819849
855,1324,23268,27.804099269837845
856,1327,30557,156.49066079256846
857,30557,1349,64.43486912041898
858,9537,1331,102.85869098761408
859,1331,1329,61.70560839166944
860,21511,1331,102.8532068709793
861,1336,1333,83.52407958826562
862,1333,1336,83.52407958826562
863,1333,1332,17.071974552941043
864,1332,1333,17.071974552941043
865,1333,1337,108.44683767636025
866,1335,1336,163.27009523594808
867,1336,1335,163.27009523594808
868,1336,1338,111.90551845127956
869,1338,1336,111.90551845127956
870,9544,1338,116.46058057895404
871,1338,9544,116.46058057895404
872,1338,1337,78.57892581885991
873,1337,1338,78.57892581885991
874,1339,9559,132.55642535478705
875,9559,9563,72.58515541885555
876,9563,31911,69.33456151748149
877,31911,1335,120.18260662509982
878,1335,18545,127.78351020652812
879,1340,6410,62.877368879211176
880,6410,24007,78.59287907361573
881,24007,9565,25.47370538430245
882,9565,1344,280.7885139420678
883,1334,1342,62.126006015722666
884,23979,1342,61.261175581095245
885,1342,23979,61.261175581095245
886,9538,28762,13.660805961467869
887,1347,1350,213.3493275239936
888,1346,11015,77.24744206387454
889,11015,11017,52.39511721400156
890,11017,1351,73.77287474882226
891,5390,5388,168.89181544402317
892,1357,9562,204.97720717150253
893,9562,9564,59.01212817607379
894,9564,1358,149.50590347178965
895,1361,10460,278.5406454963732
896,1213,1245,410.9587023507649
897,1245,1246,111.69153393427824
898,1242,1243,235.2585052688607
899,1247,1248,72.45708163725197
900,1249,1367,339.5644329606644
901,1375,23135,844.1222566091935
902,1367,1250,53.01572956364661
903,15468,9226,280.3151839210111
904,15421,1373,274.42516413067085
905,1372,1368,220.7863700003964
906,1197,1374,365.6750931944792
907,1376,1375,373.31030371807776
908,1196,1377,418.44723228037793
909,1378,1379,274.5535235587606
910,1379,1381,198.490904064767
911,1379,1380,97.1819456462345
912,1380,1381,163.54784491094154
913,1387,1388,34.38629892558507
914,1388,1387,34.38629892558507
915,1388,1377,45.24467312360684
916,1377,1388,45.24467312360683
917,1377,1389,35.81561381505999
918,1389,1377,35.81561381505999
919,1389,1385,38.47692019226119
920,1385,1389,38.47692019226119
921,1385,1386,18.469353471262828
922,1386,1385,18.469353471262828
923,1386,28148,26.357604923414463
924,28148,1386,26.357604923414463
925,28148,1387,33.74277919270726
926,1387,28148,33.74277919270727
927,31407,1392,244.90043702849223
928,1395,1393,341.86489639003173
929,1393,1394,245.24762350977937
930,1394,30848,327.3348715925154
931,382,1303,343.79122780710054
932,383,384,403.0241966140824
933,384,27424,136.5856843309473
934,387,1397,46.1080464774055
935,1399,8083,276.5244777875316
936,8083,1396,129.86533887693344
937,1396,19594,176.3909088797044
938,1274,23137,51.5694740712876
939,22651,1979,46.692975675579255
940,2872,3644,64.41571142906214
941,3644,3642,179.74700029485865
942,18222,1411,99.02797961745944
943,1280,1281,139.39542202716083
944,1406,1279,61.51624252061154
945,1270,1276,61.89830272953667
946,1271,1270,55.88028672177105
947,2099,22685,24.946461703836675
948,1277,1407,59.22299658678315
949,1273,1272,220.73432796185867
950,1408,1279,60.09650153820813
951,1278,1406,31.712113108683432
952,1408,1409,67.52345446798586
953,1409,1408,67.52345446798586
954,408,6195,859.3100852617536
955,404,405,292.98596195406896
956,1412,1413,195.10641798399385
957,1413,2188,109.00278520272109
958,2188,1414,57.98468325951789
959,1413,2190,154.28900362794832
960,1416,1417,185.67342276202425
961,1417,1418,57.66066896526871
962,1418,1419,98.85103912513844
963,1419,1420,160.73730368654552
964,1420,1175,249.28387135493384
965,1417,1421,47.62222576921944
966,1421,1423,32.672077022773344
967,1423,1421,32.672077022773344
968,1423,1422,139.51291633960938
969,1421,1418,51.78545795050577
970,1426,1423,61.62690874621809
971,1422,1427,179.01268517134764
972,1419,1428,133.25958016971268
973,1428,1420,141.64321514631447
974,1428,1427,94.69138009966038
975,1427,1428,94.69138009966036
976,1427,1425,128.81927974564917
977,1429,1430,109.0249717361963
978,1431,1432,79.14775556192856
979,1430,1431,30.573392438420907
980,1431,1430,30.573392438420907
981,1433,1434,111.94831578316666
982,1435,1433,132.95463327104227
983,1193,1436,87.23354921974637
984,1434,1436,31.416114395881863
985,1436,1434,31.416114395881863
986,1436,1437,81.60181205633859
987,1438,1439,125.79023478569655
988,1439,1440,94.29025228128428
989,1439,1435,24.83688493099298
990,1435,1439,24.83688493099298
991,1434,1441,76.09673656999158
992,742,1446,351.2187349338873
993,1178,743,408.9555511821295
994,1444,741,136.95479688233385
995,1449,1450,135.41782741311405
996,738,757,91.6880887168691
997,12786,758,368.9933093259593
998,12291,17219,896.4147140296524
999,1442,1455,234.9472106937233
1000,16789,16790,282.00605786813253
1001,1489,17307,161.83176303518945
1002,17307,17310,90.79333202546884
1003,17310,17236,100.83886294355284
1004,852,851,48.71148159847114
1005,851,1459,104.07409116203112
1006,1469,1466,273.87054470309624
1007,1470,34425,84.73380658675306
1008,34426,1468,169.42579155528264
1009,1471,1470,42.85823602224408
1010,1469,1473,239.06128027650848
1011,795,27603,41.59067923219592
1012,1190,27604,181.13921538106288
1013,1475,27602,237.94567095906848
1014,730,728,168.41796976071086
1015,1482,1481,98.04269428503204
1016,12787,12790,41.63382665201857
1017,1491,1486,158.63107465580603
1018,727,2092,130.61619427886453
1019,1492,1493,149.65291592556153
1020,726,1495,313.3890401854299
1021,1495,20398,55.50053946917064
1022,16800,34427,35.70671632575403
1023,1477,1478,139.33386638535652
1024,1516,20153,179.13345126608934
1025,20153,1516,179.13345126608934
1026,20153,1515,12.249831991377745
1027,1515,20153,12.249831991377745
1028,1515,323,74.9372950893143
1029,323,1515,74.9372950893143
1030,322,24991,22.450158599369065
1031,24991,322,22.450158599369065
1032,24991,24987,15.552644421438002
1033,24987,24991,15.552644421438002
1034,24987,30004,52.360245495353865
1035,30004,24987,52.360245495353865
1036,320,1564,41.07075099450083
1037,1564,320,41.07075099450083
1038,1503,318,41.20329171171026
1039,318,1503,41.20329171171026
1040,318,1504,103.4889868963686
1041,1504,318,103.48898689636862
1042,1504,319,48.1883896307332
1043,319,1504,48.1883896307332
1044,319,320,62.21861019089872
1045,320,319,62.21861019089872
1046,317,1505,45.69502605003552
1047,1505,317,45.69502605003552
1048,1505,18288,8.661676367290715
1049,18288,1505,8.661676367290715
1050,18288,1503,64.19659718789707
1051,1503,18288,64.19659718789707
1052,1506,23465,14.933345101236728
1053,23465,1506,14.933345101236728
1054,31899,1507,26.81027088379912
1055,1507,31899,26.81027088379912
1056,316,5374,15.810208761980295
1057,1582,1604,58.53622634502291
1058,313,1509,78.23851983501932
1059,1666,31478,33.34254904198633
1060,189,188,143.8200529534267
1061,186,272,100.99482564538948
1062,272,276,83.30331015212451
1063,276,187,79.90539811388666
1064,187,20356,73.51941490677127
1065,195,194,115.66856693326694
1066,286,25881,78.80313763017918
1067,25881,195,46.72305231802618
1068,26018,21146,5.198332964641863
1069,21146,26018,5.198332964641863
1070,1156,25358,38.65840589565882
1071,1158,19239,12.945314505617317
1072,19239,1159,21.097736087179378
1073,6004,1353,41.07216004048104
1074,1707,29834,65.67046514556978
1075,1513,321,181.94160379966456
1076,322,24990,40.45969581528104
1077,24990,1515,126.70180596209744
1078,19930,1513,32.603328861059914
1079,1513,19930,32.603328861059914
1080,1513,1518,18.63405555795301
1081,1518,1513,18.63405555795301
1082,1518,1517,22.53901295605068
1083,1517,1518,22.53901295605068
1084,7287,1521,91.63308095764664
1085,1521,7287,91.63308095764664
1086,1520,1522,163.17540402145846
1087,1539,31861,62.159220355061954
1088,31861,1539,62.159220355061954
1089,31861,21160,6.96316240709201
1090,21160,31861,6.96316240709201
1091,1540,21355,36.46407522879791
1092,1531,1543,102.5531506889228
1093,1543,24878,16.106072649052383
1094,24878,24134,136.80575559623497
1095,18110,21160,134.60233631725868
1096,1527,1545,68.32263746282867
1097,1540,24880,72.49085000626127
1098,24880,1540,72.49085000626127
1099,1540,4162,60.51646222880605
1100,18110,1549,137.8140951306993
1101,1549,1550,94.67165035297012
1102,1553,13266,50.56754291285216
1103,13266,1552,74.85378257346652
1104,1548,18187,61.37043594063143
1105,1556,1549,123.78875204285934
1106,1556,4173,70.34136636761032
1107,4173,1556,70.34136636761032
1108,4173,26719,12.947039078016385
1109,26719,4173,12.947039078016385
1110,1517,1628,117.42106713845006
1111,1628,1517,117.42106713845004
1112,1628,33010,164.11288342274312
1113,33010,1628,164.11288342274312
1114,1563,1520,110.26777987537233
1115,1520,1563,110.26777987537233
1116,1611,21832,6.520088732375392
1117,21832,1611,6.520088732375392
1118,21832,1622,60.65905934427602
1119,1622,21832,60.65905934427602
1120,1622,1629,43.53692462709071
1121,1629,1622,43.53692462709071
1122,1629,1566,13.200210732852588
1123,1566,1629,13.200210732852588
1124,1566,1565,53.1894745685158
1125,1565,1566,53.1894745685158
1126,1565,1637,150.21598765985112
1127,1637,1565,150.21598765985112
1128,1637,1564,97.09877618308336
1129,1564,1637,97.09877618308336
1130,1568,1603,103.38765957117576
1131,1538,1569,98.7389068682609
1132,1569,1538,98.7389068682609
1133,1572,1571,77.98221218560323
1134,1562,1617,137.99683472913665
1135,1617,1614,101.18967510879304
1136,1575,1574,97.85003644928403
1137,1573,1574,113.55347554695868
1138,1574,1573,113.55347554695864
1139,1573,29293,35.18384633940223
1140,29293,1579,54.4663440453687
1141,1579,1576,54.83712207309545
1142,1529,1577,66.55915788549737
1143,1577,27759,13.149165764690164
1144,27759,27527,91.74088293671105
1145,27527,1576,83.07961674111348
1146,1601,1606,53.58274010044604
1147,1606,1579,55.97600418887848
1148,1579,29279,101.99764510202868
1149,29279,1578,56.04807453808705
1150,1580,29449,29.528687847393822
1151,29449,1581,66.40952149134793
1152,1563,18078,72.38930583561105
1153,1555,25395,17.607879092309016
1154,25395,1555,17.607879092309016
1155,1586,1554,92.72704470341884
1156,1554,1552,151.70154056797813
1157,1588,25394,23.29640353237703
1158,25394,1588,23.29640353237703
1159,1591,1595,55.91750727202334
1160,1595,1591,55.91750727202334
1161,6224,6225,193.2602243642413
1162,1600,1711,62.99396992104297
1163,1602,1601,54.36668147556114
1164,1601,1603,24.462377564182336
1165,24944,1599,77.4060722030259
1166,1599,24944,77.4060722030259
1167,315,1575,217.57197870690743
1168,1607,1606,55.82299645725063
1169,1606,1605,54.85172749538047
1170,3131,3655,7.923295780364298
1171,3655,3131,7.923295780364298
1172,1610,1615,92.659867973599
1173,1615,1618,100.42677170464044
1174,1618,1611,162.8117547001416
1175,1612,1613,125.2270984454785
1176,1566,1627,80.68768955929968
1177,1627,26050,11.02518243197169
1178,26050,1619,99.030109973107
1179,1619,1613,100.8010696109086
1180,1614,20792,17.73590949152186
1181,1569,18076,156.60142362813576
1182,18076,1569,156.60142362813576
1183,1620,1621,101.2193566560101
1184,1621,1622,177.27963803495248
1185,1623,26049,102.45621045764372
1186,26049,1624,13.735645146767617
1187,1616,1623,100.0916739941998
1188,1506,27846,12.168500750316293
1189,27846,1632,25.05505679414695
1190,1627,1624,31.993471288866957
1191,1624,1626,40.2575201867693
1192,1628,1630,58.82648990826287
1193,1630,1629,87.11183633627581
1194,1630,1631,74.62147951596071
1195,1631,1630,74.62147951596071
1196,1631,31628,16.600419312302435
1197,31628,1631,16.600419312302435
1198,1631,28583,46.14695442463575
1199,28583,1631,46.14695442463575
1200,1632,1633,21.52708898440297
1201,1634,1518,138.3706453701909
1202,318,26501,180.58108637938116
1203,26501,27845,6.014419385154746
1204,27845,24139,10.442827950368487
1205,318,1641,63.46632618774109
1206,1641,318,63.46632618774109
1207,1641,1635,60.74275165485014
1208,1635,1641,60.74275165485014
1209,1635,24811,58.99538223399878
1210,24811,1635,58.99538223399878
1211,24811,1636,61.58601463815197
1212,1636,24811,61.58601463815197
1213,1638,1639,121.32002645710418
1214,1637,1504,126.042847529097
1215,1504,1638,117.45904293995144
1216,1641,24704,40.50028921551662
1217,24704,1641,40.50028921551662
1218,1643,1644,123.4226658111184
1219,1644,1643,123.4226658111184
1220,313,29724,47.317294121938176
1221,29724,313,47.31729412193817
1222,1644,1645,66.78434922209391
1223,1643,1740,240.6013127524461
1224,1740,1647,155.70045688651098
1225,376,27761,53.18088153853726
1226,1645,312,28.836378935523825
1227,312,1646,28.046683883088917
1228,1608,1648,90.49602948501222
1229,1648,6023,26.3163917905611
1230,311,340,76.33576216885643
1231,1652,1651,65.38839558186966
1232,265,1653,32.52175775145479
1233,23254,34240,16.215845929965344
1234,34240,265,44.98389610807067
1235,1657,31777,155.56480385882915
1236,3646,28642,10.158894380467444
1237,28642,3646,10.158894380467444
1238,1659,1660,388.60854222218177
1239,1660,1659,388.6085422221818
